#worker threads, throughput, min, max
#../ermia.exe 500000 10 thread 100 0 ON 2400 10 3
1 1296241.00000000000000000000 1235590 1382830
27 4998417.60000000000000000000 4942733 5060526
55 3123525.40000000000000000000 2951166 3245280
83 2685047.40000000000000000000 2649837 2720781
111 2503040.80000000000000000000 2442326 2545812
139 2698155.00000000000000000000 2615728 2757187
167 2880881.40000000000000000000 2833772 2933184
195 3082501.40000000000000000000 3067096 3111034
223 3328488.20000000000000000000 3263677 3390266
