#worker thread, throughput, min, max
#../cicada.exe 5000000 10 thread 50 0 ON OFF OFF 2400 5 2 E 10 3
1 360936.60000000000000000000 311205 421798
27 7428077.00000000000000000000 6966623 7974904
55 8606420.20000000000000000000 8339497 8779890
83 11460739.00000000000000000000 11414705 11551629
111 14234157.40000000000000000000 14064071 14472463
139 16252334.80000000000000000000 16075375 16706065
167 18551841.60000000000000000000 18199233 18921249
195 20062448.20000000000000000000 19654057 20304214
223 20870337.20000000000000000000 20564193 21584727
