#worker threads, throughput, min, max
#../si.exe 5000000 10 thread 50 0 ON 2400 3
1 375473.60000000000000000000 349323 461211
27 3045540.80000000000000000000 2998384 3157985
55 2169696.60000000000000000000 2129308 2242576
83 1962723.60000000000000000000 1940206 1976730
111 1870482.80000000000000000000 1825560 1900285
139 1946699.00000000000000000000 1932444 1961703
167 2084852.60000000000000000000 2036729 2156121
195 2222084.60000000000000000000 2206376 2238696
223 2351009.80000000000000000000 2309050 2395317
