#worker threads, throughput, min, max
#../ermia.exe 500 10 thread 95 0 ON 2400 10 3
1 2109043.20000000000000000000 2106556 2111031
27 4304247.80000000000000000000 4264457 4346161
55 2606353.40000000000000000000 2509579 2655643
83 2243033.20000000000000000000 2214728 2276035
111 2068174.40000000000000000000 2029672 2114419
139 2088932.00000000000000000000 2067670 2101571
167 2141736.60000000000000000000 2098863 2173242
195 2219337.00000000000000000000 2198967 2248519
223 2259774.00000000000000000000 2206036 2294182
