#worker thread, throughput, min, max
#../cicada.exe 500000 10 thread 100 0 ON OFF OFF 2400 5 2 E 10 3
1 1283469.40000000000000000000 1222476 1373728
27 30406562.40000000000000000000 29723657 32447920
55 59967299.80000000000000000000 59279441 61694532
83 91128079.80000000000000000000 90872587 91328656
111 120070981.20000000000000000000 119633252 120600689
139 132342807.00000000000000000000 131422987 133048104
167 142070417.60000000000000000000 141473933 143654489
195 153856310.00000000000000000000 152547033 155396809
223 166086115.60000000000000000000 164523986 169779460
