#worker thread, throughput, min, max
#../cicada.exe 5000000 10 thread 100 0 ON OFF OFF 2400 5 2 E 10 3
1 751944.20000000000000000000 633200 893014
27 15204360.80000000000000000000 15009248 15417313
55 31608916.20000000000000000000 30904498 32919594
83 46631311.00000000000000000000 46079760 47273387
111 57005516.60000000000000000000 56074949 57738586
139 62116202.00000000000000000000 61194525 62582656
167 66185448.20000000000000000000 64304924 67047021
195 68913682.80000000000000000000 67986454 70043420
223 70418156.60000000000000000000 69619484 71179300
