#worker threads, throughput, min, max
#../mocc.exe 500000 10 thread 50 0 ON 2400 40 3
1 1699062.20000000000000000000 1696646 1701612
27 28510706.00000000000000000000 28478838 28553310
55 36383362.20000000000000000000 32690975 37416503
83 49076719.60000000000000000000 48990798 49235252
111 60527568.60000000000000000000 60291125 60633641
139 66009749.60000000000000000000 65600065 66261209
167 70193226.20000000000000000000 69875084 70704887
195 73614964.40000000000000000000 73509717 73713296
223 76812869.80000000000000000000 76149970 78103855
