#worker threads, throughput, min, max
#../mocc.exe 500000 10 thread 100 0 ON 2400 40 3
1 2435594.80000000000000000000 2264639 2515345
27 52901400.00000000000000000000 52778177 53142727
55 107671496.00000000000000000000 107271053 108237560
83 162316565.60000000000000000000 161860720 162718238
111 217827401.40000000000000000000 216975544 218283723
139 228933783.40000000000000000000 228560742 229165366
167 238910140.40000000000000000000 238644053 239383543
195 249946372.80000000000000000000 249345974 250293559
223 263442228.40000000000000000000 263126732 263859875
