#worker threads, abort_rate, min, max
1 2815986.80000000000000000000 2797433 2825479
28 58715497.40000000000000000000 58634437 58802901
56 117046934.60000000000000000000 116273147 117416183
84 176018038.20000000000000000000 174986276 176410243
112 234266846.00000000000000000000 231599240 235137506
140 245656157.60000000000000000000 244026677 246826391
168 239980467.40000000000000000000 162333339 259848014
196 273150295.20000000000000000000 271476826 274008761
224 294707168.40000000000000000000 289942007 296078779
