#worker threads, abort_rate, min, max
#../silo.exe 500 10 thread 50 0 ON 2400 40 3
1 2162894.20000000000000000000 2102567 2180173
27 4640167.40000000000000000000 4569997 4666913
55 1458741.80000000000000000000 1434696 1504901
83 907475.60000000000000000000 901207 914593
111 643405.00000000000000000000 629829 658406
139 567828.20000000000000000000 561579 575420
167 555203.40000000000000000000 534300 584654
195 536612.20000000000000000000 517907 554783
223 521321.40000000000000000000 506380 526859
