#worker threads, abort_rate, min, max
#../silo.exe 5000000 10 thread 100 0 ON 2400 40 3
1 1653073.60000000000000000000 1610508 1807785
27 39305537.00000000000000000000 35542226 41727669
55 78103244.40000000000000000000 75146936 78945779
83 112885350.00000000000000000000 108694168 116399594
111 153128113.60000000000000000000 152258415 153497406
139 163805693.80000000000000000000 162420632 165047589
167 174730421.40000000000000000000 173563748 175816101
195 186165595.40000000000000000000 185514908 187380034
223 197998871.80000000000000000000 196192106 199834813
