#worker threads, throughput, min, max
#../mocc.exe 5000000 10 thread 50 0 ON 2400 40 3
1 1083566.00000000000000000000 1037651 1220784
27 23479837.60000000000000000000 22453569 26717966
55 33253281.20000000000000000000 30092397 35507024
83 44448510.80000000000000000000 39174589 46106947
111 54465723.40000000000000000000 54201024 54573121
139 57314691.20000000000000000000 57195173 57544152
167 59590320.80000000000000000000 59555012 59646668
195 62046402.60000000000000000000 61920606 62165377
223 63727391.20000000000000000000 63622064 63843101
