#worker threads, throughput, min, max
#../si.exe 500 10 thread 95 0 ON 2400 3
1 2409466.20000000000000000000 2404490 2413282
27 4888095.80000000000000000000 4811339 4952491
55 3135189.20000000000000000000 3079362 3199568
83 2697008.20000000000000000000 2653438 2758671
111 2495661.40000000000000000000 2433146 2546403
139 2492011.20000000000000000000 2431080 2541875
167 2553332.60000000000000000000 2497019 2595303
195 2633454.00000000000000000000 2548199 2693999
223 2723243.20000000000000000000 2660940 2767934
